$ANSIBLE_VAULT;1.1;AES256
39666134383039626262373930336363646639666237323339613634343464336239613737333665
3733313132393861353136633837313838303730376362350a626435336565626463636432333665
62313039656361313135343637356635343839366365386333656463643234396466643131396335
3931336264303636620a656666653437393437363166376136376535336566393262643239366131
61313765313466633136363636376163303463303665613763663961653964383633363536636666
62653437666662623965303830636665616164363330363134653736373061633965386362616635
34373739373734646336363636626462316261613666616665653436333336626463643332393432
30316231396532666365366131373937663836343437303037393233616234376635306661653736
66346166383136623439356632356363313230353339396132613062623566666661633836363764
31656337306639376135623061386337333465303539663331393966646164396234363066356333
63343939383364626130666566333939623038353838303630643462616535353864666563313966
33356438393031323938313762383164663062626131666464613737383033303565623133396536
34613037386437623761323938353166356532363233363132323138623438366465363762386566
38313833643962656537323339346561653234653730623661663435366638396137613733616536
39376232643635343031653063343365633866303938383361393863633232393031633630396461
62623736333838613665393436623763306266303364326463396562653562643962346433666639
36366330313431613134313963333165393635653362393637623239333937373934306363336632
33616636346366376662373262343236626463613866366538353034623434316338653734373137
62343939653264393430376535616637366363626331373935666263336230626331373237343539
37643339336461646162633764393536653332653661393634363665363539313931303663633763
33613536333266633337396238613131353361646439333335366432316330636133343339636332
35313935346133393866383362356139303534643166623766313033303662663633376637663039
34366164383365613037333462653761663832646439326537623239623839333938343330343735
30636237663538373339653364376137636433356566353330306434393530386430383466636433
30323065656531663638373462373735313965663531363361383333366165643833363338363762
33333738666366323836653563333830626532346332363439636234613538393338323066376130
39383537333861666363316638633162316637366436633530303339633461613837633363333232
63383430646137343364343139333232356438626666316337303332396365616439653164643336
33353637663965616665323839383462623835376337393130646337336362346163666234383337
62626265323832613961643839633966666235633034653062626161363831376237393135626361
64393937383263353363306464306436653334656631356132353965336266653831396439653263
66373639656664366363396363633334393861343764613636393061363830373732376239396231
39383866326331626536336537623864623566633837333765393936663639666335303138663863
35656566666531396138663938333039663930663737623365393438383561376465336239313430
63656335383966663534353934373534613136643763356132643761643532626636383831623735
64303232393332343537316164653538663835373866393364366465626638613639303365323763
62353232376266303733653164326664336266373632346263323230613765663763643235303039
32616437623565373535346530393437393665643831623363643465623862373439396464323731
39646665656563303538643564633832613935626239363365306165343032366337393066346261
34643035396635363664333630323635346465613661616435633731353939363763363131373063
34626566303662323864643231656337613338613535313739323030396233383032376339653563
61353437383661336464626333666531336461323730616533636131373237366461663438643765
31653236653631363265393832386432343233386635623532356335346366613962663639383961
35373361663164386563616633613837656234626265306438363961376362333862653339646337
36373265656633376563656537396132623937323564393863313961383562343330356162346635
62383333373531613561343838663036656133393335643232396162653562313537343936623932
30373465343839646232366431373436633935326465646365393563626665383764323730303932
31623436616637663636383436346263323932396331316464313338386132363739333666396336
31303737363830663938346335326433333666653737396139303535366266323839626633633738
38333065393836666137653038643233353838383864623437313535636131316135366435353562
39366438393765623934663464613263623466386165613835383966373164633263366637393236
64326230643161363961336132356532653063333966633161326234376130663632306635303631
35353534343331323035366531333036396130333833343134313434383434646235363937373939
34633134666432353263353931343330376466666163393863313830656164343735363135646532
65653266393561303133373265333331343865653237356235633732626530666166376233656537
39313134653261633932396138306439306664313730303539393035363164386565316630623561
34366636353933653935663439303161306130376131346262333833323638616335316664613535
36316635623432316339303233613737663631353631653961356439373039303033353664613636
30363439393734643430373061663461323839653832663366626330616336386636356131376237
65313039303737363330313065616663656263643636623962613561346533663535333064623336
33373364613039393232623765336562323039643530646563353762633835303034303661653136
30643961306134616235636330616461636233613036366638306333383665373561363832356635
37653433623961306565663931313561616163333337303134343163646437643236646433326364
37306237353564663665613833363134613130383564303432633230643431393462643437366335
63336461396365333361643138303061313930383530376338343136623535323932353134626362
65343462383239356437346664626135313831343563353765313934656636333737316634666361
63363536636231373061623339316163623761666531616338653364616234333730386430396234
35363465613932373637393234616661303531356466393262353135326331326661386231633734
61653365653837386462613065323938326664393533396665313133626637366634393162343963
34623763316536633539626336643566663438386237313561616434643830383839636137396366
37393939353634396439653430313431646661303261353865643531616262356338613932383139
30653361333934666166373032326365303439306330376133666631346234393034666364613336
32393637313936643465333732353463626133303333666464313931346362343937653066396164
66663136346232383462313137633839666362333062363134313131633238353533333030353639
36313236303165623563663664666135373663336533653732303763393066356465656137393339
38333731326261333963633638356135343337383334393262653733353363643837626361666336
30633933383038346235663536373037373965313264393230326136336439336663343636623439
66646334623134626164346234363262666634613834376161636537633338633036613262303065
37646331386161323137653736313838343061613565626162353836613362643466363433663238
63386364616466373331356263376561376565303861306435636432373866323639303866623936
65316261316164386565353166663034316437363039666638633761633639613638373430336631
31383361346539396539343431323666313630363635623765616536613262666136313933363230
38656336366436636231323131313966383163356537633834333835386239333033623934343734
62363937643437623731646465343833333932613863396462653838636333663330363236613132
63656637646531656564626663626537323935663265386131326262656266633032313261323338
65643434666536613337396131373534373634313835346130346539323435373537343066383462
36396561316431343435656539383732356134363966616365303833626231616533376532326164
34323162343039623434313132353433353564643130306366636232653137663563336465393831
34346537316565386236373264356637313137343738323766633237373432383036346331666164
62303930396433366166373636613535366661376132343366383639313337666262623264333532
31616161363132336562663831313161663738636262353162363432303234643064396639343731
63306633666266383337326236363232616132663736396363333461343537306664306131646539
34613762626664346461326132363666626165626364643836306138616266313236346162326536
38333631303031393432326163626536303237633633356337303163323966633466393764386530
38636337313532343966646436343231346431653430316636376662396235613361393961646236
37616331346134343434353339303236636435313935316566613833373330363933396333633162
64343739366130323032306634373762313134656538643931396138366437303462336235643733
61633930393331306166383965393732366666633063343034666466373636633832386433306361
31363035316465663135316338636534303666346162373538646461383838373135383838363033
37616265623235383530343366643035356134323864333338333064326362656232663866393135
30396233623939633339343864643331373537386235393861333364636661343933343965653266
66613735623738623637646261323732646635613630316431616433616563633039323930323265
35333334623435303531623730373363316439323435383434666332336637306563656566613964
39356466613331626337393037393538343862376565386164393863326662316465373964623635
61613965316464633933376364336362393438343734646437613138646635613033656437376131
35336264633361666264623932396239613861613532656437623263303331363232616361646637
62663162366563393030663035633465323435383966343635613739626336313562613962396638
39663131303861323161336239366136383133303033623332643031393134623937363636353235
33623731363563303864616162633034393935313739393636396339343762333735626130383763
32313562623537616536353237303136366365383665663638336537316262323233666134316530
62356235363935666334656263616538376238626239336332646166653134373539626362353766
32336335313734366530303962303338363838333537323661633937613333613134626239363131
64366134656631316262376534653636626663633339336234336138376535616663363536343064
63663434383566313732633330383837663964386162393362396666326365613732613334363331
61326435386361383635646565363863356161396534323665326235626130353661373062343066
35303938356338613963323466643736636634383132386335316361656133393035336464656461
38646137613365663038323339303238376437636436623964323663323237323239633563373731
61303931653636393836393066323861653463306138343463356537396631336635613539346564
32356430643439623838353836363666643264373239333235393465303264613539346363363137
31373036346233616162373265623865373466333533376238646161313361343663393031373966
33646262376562646233633937623436343539396238373238663464656634656662656539613834
38636135343861313962623761313066393935353861626433363939323134336632653166323165
30656535303063373534313661333532616234643036313363303663383634623533383633363566
36633435316662336261643033316233396363303463373238356331303261366466386566386233
35383634313832626134653438356164343332633064613435356133663331636464646638386135
31663834323633313563626231636362383738613133366336656266623866336361303864393438
31303664373064333630326133396336616330316138366633396432313934396663653566386234
39343536313330353266333339633465616534643738373735313366326363353532303366383834
64393032303935323631323561653032653066336531363665383433316439643765333236663837
37313836663862643137313331303763626661303266366137353564353264613464316266306166
37323864393938373232313338373535363666336630333464646432663530353465616533613065
64326664386634376265303837653531323639616366616230306239356366386431396536303839
66663734666332623564396232633665356461323132396239323266346436356635633264343635
64346166333135613263313238323162353361653064323534393436663161366137383638356437
66323337323337383539313165626331636236326434366334346531333236333261313437633763
63306563316533636463346138316432666465323532663236303165613063376239326337353132
61363133333534346162313131356666313361323933333439323266303166616134383139386533
32303435643462653332373630343035323231666162323539306561393234646338626231353563
62636465383865343561353965373362633235316466333139656639623930313964613539386630
37396335633364373732323332313436616266393063313966393166343962353263316433303430
36333538363734393130333737373664306162356266313436646361356662623233313363336330
33356363396364613938353164643431336338316433646132613566353839313434613831303030
33323435633336333636383162636365386338396630323862363935373664643136633462333133
61306331393035343331373461353464366639666239643835373031303165376435623963376634
33343730386662353330663865373462363535366466306239663339303761313232343863356164
37353762346332366466343238613263633232353362643934333634363237353063383364626430
36326634303561616438363136633665653030366438326639663438613536303836333961623264
32383530653834366161383532343333303535323832313335373237353835373533316631376233
30626462653837623466613637363264363834623862333263313066316434316366316330303162
64303930383730633836366231613564386664646134346566313538393336663139353062636533
65393432626465373538356333303566366632656261386438336161653938633762383238326364
39396234366436663739386132613532613935653565303435646464636664343036356133393337
34343332656466613964353235613736646536366165393765656666316432333066356339656330
37336364316431636162393665353764643432643361656130323534356162623735633236623863
63343031383065373134663438343266343235656533643435386133646564663666326366336562
65616130653531356635623732323737656237336239653465653336343566336334373936333965
65626539636634646433393764366566366437323265393432383463353631316164656264656164
33663037666466646231616434373735626232346262303830653266316631303164353861373866
65376363333735393530663030633736376236326431623435393831636433356433353661623466
35393236303738646432656532346566316331666336363361326665313161633238393738353937
33316134623839383135386266653030623236353336636132306439343165366332653837663065
65613064343031316438383535393261326435373763363430353236636337653162376162623034
61343632363832663832383933343230303838386163376533313236633061343933303664633635
33626166643536393938316565663661373937663333383666386366646138323138316133663330
63383836323437363630643061656264336438303664633931666430386162643965643465373230
37613134373831613435643162663664363338353465623937393961383839353031666437616161
30333032393962623530363264613564653961363465393336313835356134643332376436626165
65326330373266303237356565653430616437363237366631366363623039376437653965396230
37376332616138623939633933643738313431323239393136623737333962323463323561323638
32323739303736626162663965653865623139393931666365393237646463356361613837326230
31313439393035643462396161336537326566336235643362333938323033343132353465616232
32656463333932366139383864383731613166653461613865326536383266646565653130666163
35613961656231663061333433353331633632613866616665323666663636643739
